,State,Participation_17,Participation_18,Participation_Change,Composite_Score_17,Composite_Score_18,Composite_Score_Change
0,National,0.6,0.55,-0.04999999999999993,21.0,20.8,-0.1999999999999993
1,Alabama,1.0,1.0,0.0,19.2,19.1,-0.09999999999999787
2,Alaska,0.65,0.33,-0.32,19.8,20.8,1.0
3,Arizona,0.62,0.66,0.040000000000000036,19.7,19.2,-0.5
4,Arkansas,1.0,1.0,0.0,19.4,19.4,0.0
5,California,0.31,0.27,-0.03999999999999998,22.8,22.7,-0.10000000000000142
6,Colorado,1.0,0.3,-0.7,20.8,23.9,3.099999999999998
7,Connecticut,0.31,0.26,-0.04999999999999999,25.2,25.6,0.40000000000000213
8,Delaware,0.18,0.17,-0.009999999999999981,24.1,23.8,-0.3000000000000007
9,District of Columbia,0.32,0.32,0.0,24.2,23.6,-0.5999999999999979
10,Florida,0.73,0.66,-0.06999999999999995,19.8,19.9,0.09999999999999787
11,Georgia,0.55,0.53,-0.020000000000000018,21.4,21.4,0.0
12,Hawaii,0.9,0.89,-0.010000000000000009,19.0,18.9,-0.10000000000000142
13,Idaho,0.38,0.36,-0.020000000000000018,22.3,22.3,0.0
14,Illinois,0.93,0.43,-0.5,21.4,23.9,2.5
15,Indiana,0.35,0.32,-0.02999999999999997,22.6,22.5,-0.10000000000000142
16,Iowa,0.67,0.68,0.010000000000000009,21.9,21.8,-0.09999999999999787
17,Kansas,0.73,0.71,-0.020000000000000018,21.7,21.6,-0.09999999999999787
18,Kentucky,1.0,1.0,0.0,20.0,20.2,0.1999999999999993
19,Louisiana,1.0,1.0,0.0,19.5,19.2,-0.3000000000000007
20,Maine,0.08,0.07,-0.009999999999999995,24.3,24.0,-0.3000000000000007
21,Maryland,0.28,0.31,0.02999999999999997,23.6,22.5,-1.1000000000000014
22,Massachusetts,0.29,0.25,-0.03999999999999998,25.4,25.5,0.10000000000000142
23,Michigan,0.29,0.22,-0.06999999999999998,24.1,24.4,0.29999999999999716
24,Minnesota,1.0,0.99,-0.010000000000000009,21.5,21.3,-0.1999999999999993
25,Mississippi,1.0,1.0,0.0,18.6,18.6,0.0
26,Missouri,1.0,1.0,0.0,20.4,20.0,-0.3999999999999986
27,Montana,1.0,1.0,0.0,20.3,20.0,-0.3000000000000007
28,Nebraska,0.84,1.0,0.16000000000000003,21.4,20.1,-1.2999999999999972
29,Nevada,1.0,1.0,0.0,17.8,17.7,-0.10000000000000142
30,New Hampshire,0.18,0.16,-0.01999999999999999,25.5,25.1,-0.3999999999999986
31,New Jersey,0.34,0.31,-0.030000000000000027,23.9,23.7,-0.1999999999999993
32,New Mexico,0.66,0.66,0.0,19.7,19.4,-0.3000000000000007
33,New York,0.31,0.27,-0.03999999999999998,24.2,24.5,0.3000000000000007
34,North Carolina,1.0,1.0,0.0,19.1,19.1,0.0
35,North Dakota,0.98,0.98,0.0,20.3,20.3,0.0
36,Ohio,0.75,1.0,0.25,22.0,20.3,-1.6999999999999993
37,Oklahoma,1.0,1.0,0.0,19.4,19.3,-0.09999999999999787
38,Oregon,0.4,0.42,0.019999999999999962,21.8,21.3,-0.5
39,Pennsylvania,0.23,0.2,-0.03,23.7,23.5,-0.1999999999999993
40,Rhode Island,0.21,0.15,-0.06,24.0,24.2,0.1999999999999993
41,South Carolina,1.0,1.0,0.0,18.7,18.3,-0.3999999999999986
42,South Dakota,0.8,0.77,-0.030000000000000027,21.8,21.9,0.09999999999999787
43,Tennessee,1.0,1.0,0.0,19.8,19.6,-0.1999999999999993
44,Texas,0.45,0.41,-0.040000000000000036,20.7,20.6,-0.09999999999999787
45,Utah,1.0,1.0,0.0,20.3,20.4,0.09999999999999787
46,Vermont,0.29,0.24,-0.04999999999999999,23.6,24.1,0.5
47,Virginia,0.29,0.24,-0.04999999999999999,23.8,23.9,0.09999999999999787
48,Washington,0.29,0.24,-0.04999999999999999,21.9,22.2,0.3000000000000007
49,West Virginia,0.69,0.65,-0.039999999999999925,20.4,20.3,-0.09999999999999787
50,Wisconsin,1.0,1.0,0.0,20.5,20.5,0.0
51,Wyoming,1.0,1.0,0.0,20.2,20.0,-0.1999999999999993
