,State,Participation_17,Participation_18,Participation_Change,Total_Score_17,Total_Score_18,Total_Score_Change
0,National,0.4,0.46,0.06,1126.0,1120.0,-6.0
1,Alabama,0.05,0.06,0.009999999999999995,1165.0,1166.0,1.0
2,Alaska,0.38,0.43,0.04999999999999999,1080.0,1106.0,26.0
3,Arizona,0.3,0.29,-0.010000000000000009,1116.0,1149.0,33.0
4,Arkansas,0.03,0.05,0.020000000000000004,1208.0,1169.0,-39.0
5,California,0.53,0.6,0.06999999999999995,1055.0,1076.0,21.0
6,Colorado,0.11,1.0,0.89,1201.0,1025.0,-176.0
7,Connecticut,1.0,1.0,0.0,1041.0,1053.0,12.0
8,Delaware,1.0,1.0,0.0,996.0,998.0,2.0
9,District of Columbia,1.0,0.92,-0.07999999999999996,950.0,977.0,27.0
10,Florida,0.83,0.56,-0.2699999999999999,1017.0,1099.0,82.0
11,Georgia,0.61,0.7,0.08999999999999997,1050.0,1064.0,14.0
12,Hawaii,0.55,0.56,0.010000000000000009,1085.0,1010.0,-75.0
13,Idaho,0.93,1.0,0.06999999999999995,1005.0,1001.0,-4.0
14,Illinois,0.09,0.99,0.9,1115.0,1019.0,-96.0
15,Indiana,0.63,0.63,0.0,1074.0,1074.0,0.0
16,Iowa,0.02,0.03,0.009999999999999998,1275.0,1265.0,-10.0
17,Kansas,0.04,0.04,0.0,1260.0,1265.0,5.0
18,Kentucky,0.04,0.04,0.0,1247.0,1248.0,1.0
19,Louisiana,0.04,0.04,0.0,1198.0,1210.0,12.0
20,Maine,0.95,0.99,0.040000000000000036,1012.0,1013.0,1.0
21,Maryland,0.69,0.76,0.07000000000000006,1060.0,1080.0,20.0
22,Massachusetts,0.76,0.8,0.040000000000000036,1107.0,1125.0,18.0
23,Michigan,1.0,1.0,0.0,1005.0,1011.0,6.0
24,Minnesota,0.03,0.04,0.010000000000000002,1295.0,1298.0,3.0
25,Mississippi,0.02,0.03,0.009999999999999998,1242.0,1236.0,-6.0
26,Missouri,0.03,0.04,0.010000000000000002,1271.0,1262.0,-9.0
27,Montana,0.1,0.1,0.0,1196.0,1198.0,2.0
28,Nebraska,0.03,0.03,0.0,1253.0,1252.0,-1.0
29,Nevada,0.26,0.23,-0.03,1116.0,1140.0,24.0
30,New Hampshire,0.96,0.96,0.0,1052.0,1063.0,11.0
31,New Jersey,0.7,0.82,0.12,1056.0,1094.0,38.0
32,New Mexico,0.11,0.16,0.05,1138.0,1093.0,-45.0
33,New York,0.67,0.79,0.12,1052.0,1068.0,16.0
34,North Carolina,0.49,0.52,0.030000000000000027,1081.0,1098.0,17.0
35,North Dakota,0.02,0.02,0.0,1256.0,1283.0,27.0
36,Ohio,0.12,0.18,0.06,1149.0,1099.0,-50.0
37,Oklahoma,0.07,0.08,0.009999999999999995,1047.0,1062.0,15.0
38,Oregon,0.43,0.48,0.04999999999999999,1108.0,1117.0,9.0
39,Pennsylvania,0.65,0.7,0.04999999999999993,1071.0,1086.0,15.0
40,Rhode Island,0.71,0.97,0.26,1062.0,1018.0,-44.0
41,South Carolina,0.5,0.55,0.050000000000000044,1064.0,1070.0,6.0
42,South Dakota,0.03,0.03,0.0,1216.0,1240.0,24.0
43,Tennessee,0.05,0.06,0.009999999999999995,1228.0,1231.0,3.0
44,Texas,0.62,0.66,0.040000000000000036,1020.0,1032.0,12.0
45,Utah,0.03,0.04,0.010000000000000002,1238.0,1010.0,-228.0
46,Vermont,0.6,0.64,0.040000000000000036,1114.0,1120.0,6.0
47,Virginia,0.65,0.68,0.030000000000000027,1102.0,1117.0,15.0
48,Washington,0.64,0.69,0.04999999999999993,1075.0,1081.0,6.0
49,West Virginia,0.14,0.28,0.14,1086.0,999.0,-87.0
50,Wisconsin,0.03,0.03,0.0,1291.0,1294.0,3.0
51,Wyoming,0.03,0.03,0.0,1230.0,1257.0,27.0
